$ANSIBLE_VAULT;1.1;AES256
38623463323064306364333338646464353832333132373735313433626565353531633332636434
6564623963626362373161303238313932613561666363640a643039643662346366383332643931
32646139333936663666386332643764313161303430343165393938666337626436666665373930
3837613033346563350a613034323062323264393535636264323536663362626537653264623636
35323835373463373163346332656264303861343962626137643938376236303235316235343732
30366563646133616139646365383264646364626134666663336132383932373936643662373939
66376533616263656431323835313863366664303863376332373137376663356238383937373534
36383035323830303562353135663830326430316165356539613038353765393232343330643564
34643362303035373633343435653933623066643731643938633461353962623438353461303431
39373561646336613361393731393139356333396663383331366232393932366165353431663435
366638633465613339363935363334653632
